2.687848072381797e-06 0 0
29.88210097270987 0 1
0.0001692991927819515 0 2
-1258.20668497972 0 3
0.008312565036308882 0 4
-171.36650565081882 0 5
0.005212572588684015 0 6
11790.334839680925 0 7
0.23656031241246367 0 8
47561.6788405191 0 9
-0.00010789722253815026 1 0
-276.2979181672064 1 1
-0.007148086296819595 1 2
37201.67983546996 1 3
-0.21159143570473346 1 4
-13285.428445017147 1 5
-0.2848211830716698 1 6
-277170.3681780599 1 7
-3.516171139256393 1 8
-698146.0218494142 1 9
0.0018949443526388166 2 0
-1283.0529135946247 2 1
0.11625434607462637 2 2
-469464.10977030743 2 3
2.3004383773778807 2 4
334168.60602018546 2 5
3.0484731450561813 2 6
2481702.655701313 2 7
20.886739520677075 2 8
4097796.7275231145 2 9
-0.019130147467837588 3 0
39986.15940412945 3 1
-0.9918474864492808 3 2
3321681.914915108 3 3
-13.470114990603179 3 4
-3051561.6314779674 3 5
-12.98178349074442 3 6
-10999080.872071942 3 7
-62.074217784247594 3 8
-11909219.748067811 3 9
0.12196508841589093 4 0
-323081.9887034688 4 1
4.896502850344405 4 2
-14529670.607870413 4 3
44.895568330888636 4 4
14130987.343731873 4 5
21.677274318179116 4 6
24688025.956125103 4 7
89.68247225719097 4 8
16245589.818675706 4 9
-0.5066245496273041 5 0
1408805.5618750039 5 1
-14.20933452481404 5 2
40716936.04573779 5 3
-82.1909378200071 5 4
-35010261.819895804 5 5
3.1155074048874667 5 6
-21298032.65123587 5 7
-32.87087391241221 5 8
-4288083.87248781 5 9
1.364141183486936 6 0
-3693692.210498362 6 1
22.787872021086514 6 2
-72919333.02459365 6 3
65.97302684013266 6 4
39919628.698957846 6 5
-43.8216247636301 6 6
-12006843.501095036 6 7
-58.02568798861466 6 8
-10428473.348030673 6 9
-2.28796838526614 7 0
5830773.563649285 7 1
-15.264506988576613 7 2
80057597.91497004 7 3
11.452009938424453 7 4
2874763.8849662635 7 5
10.56594756845152 7 6
22093863.54834189 7 7
33.06934017909225 7 8
2572373.3735595634 7 9
2.1657359745004214 8 0
-5119140.740800254 8 1
-4.165657182049472 8 2
-48403289.92131272 8 3
-45.605581806914415 8 4
-50514624.93045023 8 5
55.583077258605044 8 6
18930280.18020691 8 7
58.26319832462468 8 8
8464787.405187998 8 9
-0.881608403462451 9 0
1923821.7615631283 9 1
8.089837657724274 9 2
12033236.967238447 9 3
13.547566196735715 9 4
34161943.6425015 9 5
-35.474514840272604 9 6
-28229232.93117356 9 7
-50.25889359640132 9 8
-2993689.0412958954 9 9
